-71.111309 42.399524
-71.111360 42.399506
-71.111400 42.399469
-71.111436 42.399444
-71.111519 42.399344
-71.112917 42.397262
-71.112972 42.397186

-71.110840 42.399460
-71.110296 42.399268

-71.111071 42.394046
-71.110779 42.394448
-71.110745 42.394498
-71.110713 42.394538
-71.110218 42.395241
-71.109836 42.395785
-71.109759 42.395889
-71.109661 42.396031
-71.109399 42.396409

-71.107324 42.395536
-71.107141 42.395765
-71.106874 42.396125
-71.106594 42.396520
-71.106429 42.396724

-71.106429 42.396724
-71.105949 42.397382
-71.105891 42.397473
-71.105760 42.397680
-71.105742 42.397723
-71.105714 42.397789

-71.113083 42.400625
-71.112881 42.400336
-71.112809 42.400218
-71.112712 42.400090

-71.109107 42.397873
-71.109088 42.397900
-71.108957 42.398089
-71.108800 42.398378
-71.108678 42.398609
-71.108659 42.398643
-71.108618 42.398714

-71.115444 42.392316
-71.115159 42.392795
-71.114969 42.393121
-71.114932 42.393198
-71.114921 42.393221
-71.114886 42.393293
-71.114824 42.393396
-71.114812 42.393411
-71.114420 42.393896
-71.114149 42.394231
-71.114119 42.394268

-71.116819 42.394129
-71.116776 42.394187
-71.116446 42.394630
-71.116291 42.394857
-71.116143 42.395083
-71.116035 42.395250
-71.115781 42.395622
-71.115750 42.395669
-71.115730 42.395696
-71.115681 42.395762
-71.115314 42.396282
-71.114913 42.396860
-71.114689 42.397187
-71.114393 42.397620
-71.114363 42.397664
-71.114340 42.397699
-71.114301 42.397752
-71.114281 42.397782
-71.113440 42.399033
-71.112800 42.399972
-71.112712 42.400090

-71.115861 42.405123
-71.115849 42.405047
-71.115661 42.403872
-71.115557 42.403225
-71.115476 42.402719
-71.115431 42.402573
-71.115124 42.402134
-71.115082 42.402071
-71.115036 42.402011
-71.114099 42.400730
-71.114115 42.400653
-71.114183 42.400585

-71.107992 42.394245
-71.108098 42.394295
-71.108421 42.394445
-71.109701 42.395002
-71.109740 42.395018
-71.110131 42.395205
-71.110218 42.395241

-71.110012 42.397722
-71.110073 42.397633
-71.110385 42.397172
-71.110851 42.396479
-71.110897 42.396411

-71.113697 42.394808
-71.113661 42.394858
-71.113516 42.395066
-71.113477 42.395124
-71.113430 42.395190
-71.113411 42.395215
-71.112288 42.396886
-71.112256 42.396929
-71.112231 42.396968
-71.112091 42.397178
-71.110976 42.398824
-71.110945 42.398877
-71.110886 42.398957

-71.112165 42.391110
-71.111698 42.391791
-71.111683 42.391812
-71.111638 42.391876

-71.109064 42.399128
-71.109164 42.399105
-71.109225 42.399094
-71.109264 42.399092
-71.109294 42.399097
-71.109332 42.399107

-71.112036 42.394760
-71.111991 42.394832
-71.110937 42.396356
-71.110897 42.396411

-71.106290 42.401582
-71.106384 42.401556
-71.106972 42.401396
-71.107931 42.401159
-71.108796 42.400927
-71.109008 42.400871
-71.109047 42.400860
-71.109100 42.400847
-71.110200 42.400565
-71.110236 42.400554
-71.110309 42.400537

-71.104936 42.398676
-71.104845 42.398699
-71.103765 42.398968
-71.103696 42.398986

-71.103189 42.399743
-71.103123 42.399792
-71.102302 42.400389
-71.102246 42.400429

-71.102872 42.399073
-71.102678 42.399245
-71.102602 42.399301

-71.109347 42.399219
-71.109486 42.399519
-71.109633 42.399811
-71.109685 42.399898
-71.109837 42.400091
-71.110265 42.400493
-71.110309 42.400537
-71.110790 42.400993

-71.102064 42.398948
-71.102158 42.398881
-71.102672 42.398515
-71.102838 42.398403
-71.103092 42.398231
-71.103231 42.398136
-71.103304 42.398087
-71.103934 42.397655
-71.104121 42.397536
-71.104153 42.397516
-71.104257 42.397450
-71.104293 42.397427
-71.104396 42.397361

-71.107828 42.398947
-71.107755 42.398966
-71.107250 42.399094
-71.107209 42.399101
-71.107172 42.399102
-71.106930 42.399093
-71.106886 42.399096
-71.106845 42.399102
-71.106628 42.399152
-71.106559 42.399167

-71.106081 42.398128
-71.106342 42.398729
-71.106517 42.399082
-71.106559 42.399167
-71.106786 42.399650
-71.106803 42.399687
-71.106835 42.399752
-71.107041 42.400173
-71.107061 42.400214
-71.107084 42.400266
-71.107278 42.400702
-71.107295 42.400740

-71.104466 42.397682
-71.104517 42.397794
-71.104735 42.398221
-71.104842 42.398464
-71.104936 42.398676
-71.105109 42.399037
-71.105147 42.399116
-71.105352 42.399575
-71.105547 42.399969
-71.105569 42.400019
-71.105596 42.400077
-71.105805 42.400529
-71.106050 42.401069
-71.106259 42.401515
-71.106290 42.401582
-71.106309 42.401628
-71.106358 42.401736

-71.105885 42.399456
-71.105447 42.399562
-71.105352 42.399575

-71.103908 42.399437
-71.103978 42.399419
-71.105049 42.399142
-71.105147 42.399116

-71.101905 42.400163
-71.101959 42.400123
-71.102766 42.399532
-71.102841 42.399478

-71.108283 42.399909
-71.108201 42.399930
-71.107118 42.400200
-71.107061 42.400214
-71.106973 42.400236
-71.105899 42.400507
-71.105805 42.400529

-71.103470 42.398534
-71.103550 42.398514
-71.104627 42.398248
-71.104735 42.398221

-71.104517 42.397794
-71.104433 42.397818
-71.103946 42.397945

-71.105352 42.399575
-71.105267 42.399595
-71.104180 42.399860
-71.104103 42.399879

-71.102634 42.397906
-71.102662 42.397858
-71.103121 42.397083
-71.103134 42.397059
-71.103177 42.396981

-71.106358 42.401736
-71.106251 42.401761
-71.106114 42.401797
-71.105981 42.401808
-71.105920 42.401798
-71.105558 42.401535
-71.105387 42.401405
-71.105200 42.401263
-71.105143 42.401221
-71.105100 42.401188
-71.105035 42.401140
-71.104514 42.400736
-71.104440 42.400681
-71.104119 42.400432
-71.104053 42.400381
-71.104031 42.400364
-71.103189 42.399743
-71.102841 42.399478
-71.102602 42.399301
-71.102358 42.399135
-71.102136 42.398994
-71.102064 42.398948
-71.101934 42.398869
-71.101560 42.398640
-71.101191 42.398407
-71.100927 42.398206
-71.100592 42.397931
-71.100055 42.397519
-71.100018 42.397486
-71.099700 42.397194
-71.099683 42.397181
-71.099608 42.397122

-71.106517 42.399082
-71.106440 42.399102
-71.105978 42.399221

-71.110649 42.399870
-71.109899 42.400071
-71.109837 42.400091

-71.109837 42.400091
-71.109760 42.400106
-71.108533 42.400430
-71.107295 42.400740

-71.111460 42.399673
-71.111504 42.399731
-71.111598 42.399862
-71.111610 42.399878
-71.111678 42.399968

-71.099683 42.397181
-71.099789 42.397176
-71.100025 42.397180
-71.100366 42.397210
-71.100612 42.397251
-71.101324 42.397482
-71.101897 42.397668
-71.101974 42.397693
-71.102263 42.397786
-71.102634 42.397906
-71.103144 42.398089
-71.103231 42.398136
-71.103314 42.398238
-71.103470 42.398534
-71.103696 42.398986
-71.103908 42.399437
-71.104103 42.399879
-71.104287 42.400254
-71.104303 42.400285
-71.104329 42.400336

-71.114458 42.402434
-71.114402 42.402362
-71.113083 42.400625

-71.107696 42.398664
-71.107828 42.398947
-71.108027 42.399375

-71.102246 42.400429
-71.102451 42.400588
-71.102570 42.400667
-71.102743 42.400716
-71.102863 42.400759
-71.102990 42.400818
-71.103071 42.400929
-71.103133 42.401048
-71.103161 42.401107

-71.105569 42.400019
-71.105652 42.399997
-71.106729 42.399707
-71.106803 42.399687
-71.106870 42.399670
-71.107953 42.399394
-71.108027 42.399375
-71.108110 42.399370
-71.109064 42.399128

-71.106342 42.398729
-71.106273 42.398746
-71.105206 42.399013
-71.105109 42.399037

-71.109477 42.395789
-71.109717 42.395873
-71.109759 42.395889

-71.105612 42.395902
-71.105634 42.395871
-71.106340 42.394888
-71.106368 42.394849

-71.108421 42.394445
-71.108399 42.394474
-71.108072 42.394919
-71.108082 42.394996
-71.108431 42.395466
-71.108620 42.395721
-71.108831 42.395998
-71.108919 42.396113
-71.109259 42.396561
-71.109277 42.396585

-71.105537 42.396850
-71.105496 42.396831
-71.104778 42.396512
-71.104748 42.396498
-71.103937 42.396139
-71.103888 42.396117

-71.105184 42.395696
-71.105143 42.395750
-71.104828 42.396215

-71.108644 42.392075
-71.108614 42.392111
-71.108343 42.392460

-71.111538 42.396649
-71.111491 42.396724
-71.111178 42.397175
-71.110511 42.398166
-71.110489 42.398200
-71.110418 42.398294

-71.105889 42.396210
-71.105942 42.396233
-71.106477 42.396464

-71.102663 42.391672
-71.102624 42.391729
-71.102223 42.392318
-71.102203 42.392347

-71.101802 42.396538
-71.101842 42.396480
-71.101854 42.396463
-71.102666 42.395286
-71.102720 42.395209
-71.102769 42.395140
-71.104425 42.392773
-71.104475 42.392701

-71.107137 42.391383
-71.107219 42.391421
-71.107689 42.391636
-71.108013 42.391785
-71.108644 42.392075
-71.109132 42.392291
-71.109494 42.392449
-71.109620 42.392504
-71.111543 42.393247
-71.111586 42.393264

-71.107733 42.398432
-71.107703 42.398500
-71.107688 42.398536
-71.107679 42.398574
-71.107696 42.398664

-71.109338 42.392028
-71.109158 42.392249
-71.109132 42.392291

-71.113784 42.392184
-71.113558 42.392043

-71.106160 42.395822
-71.106218 42.395847
-71.106782 42.396092

-71.115771 42.399887
-71.115698 42.399864
-71.115578 42.399816
-71.115094 42.399638
-71.115027 42.399613
-71.114970 42.399592
-71.114323 42.399355
-71.114282 42.399340
-71.114214 42.399315
-71.113554 42.399074
-71.113523 42.399063
-71.113440 42.399033

-71.104475 42.392701
-71.103975 42.392357
-71.103592 42.392126
-71.103351 42.391999
-71.102663 42.391672
-71.102103 42.391396
-71.101883 42.391288
-71.101616 42.391175
-71.101506 42.391148

-71.106217 42.394378
-71.106173 42.394362
-71.106076 42.394329

-71.110306 42.396186
-71.111339 42.394690
-71.111349 42.394673
-71.111392 42.394605

-71.106604 42.394537
-71.106390 42.394817
-71.106368 42.394849

-71.111211 42.393771
-71.111095 42.393732
-71.108609 42.392926

-71.104591 42.395996
-71.104162 42.395804
-71.104112 42.395790

-71.109537 42.395656
-71.109786 42.395761
-71.109836 42.395785

-71.101184 42.392048
-71.101361 42.392100
-71.102203 42.392347
-71.102668 42.392894
-71.102705 42.392925

-71.108609 42.392926
-71.108625 42.392869
-71.108609 42.392833
-71.108565 42.392799
-71.106721 42.392105

-71.105014 42.393070
-71.104979 42.393119
-71.104305 42.394088
-71.103806 42.394801
-71.103618 42.395038
-71.103203 42.395651
-71.103181 42.395676
-71.103105 42.395714

-71.105975 42.396064
-71.105889 42.396210
-71.105779 42.396355
-71.105741 42.396459
-71.105727 42.396545
-71.105653 42.396674
-71.105537 42.396850
-71.105320 42.397155
-71.105104 42.397468

-71.115731 42.397168
-71.115717 42.397190
-71.115695 42.397223
-71.115593 42.397375
-71.115229 42.397921
-71.115213 42.397944
-71.115162 42.398006
-71.115124 42.398074
-71.114305 42.399306
-71.114282 42.399340
-71.114250 42.399389
-71.113649 42.400288
-71.113635 42.400309
-71.113585 42.400384

-71.114333 42.400635
-71.114382 42.400563
-71.114973 42.399693
-71.114992 42.399665
-71.115027 42.399613
-71.115047 42.399583
-71.115584 42.398783
-71.115856 42.398377
-71.115871 42.398357
-71.115918 42.398288
-71.115967 42.398215
-71.116440 42.397509
-71.116480 42.397449

-71.113796 42.393253
-71.113964 42.392970
-71.113999 42.392910

-71.104399 42.395368
-71.104456 42.395391
-71.104922 42.395586
-71.105184 42.395696
-71.105249 42.395728
-71.105407 42.395798
-71.105612 42.395902
-71.105922 42.396043
-71.105975 42.396064

-71.114086 42.394309
-71.114020 42.394290
-71.113629 42.394192
-71.113096 42.393978
-71.111678 42.393409
-71.111644 42.393395
-71.111565 42.393360

-71.105975 42.396064
-71.106160 42.395822
-71.106430 42.395444
-71.106730 42.395026

-71.110713 42.394538
-71.110657 42.394514
-71.110035 42.394242
-71.108502 42.393573
-71.108252 42.393903
-71.108049 42.394195
-71.107992 42.394245

-71.110012 42.397722
-71.110418 42.398294
-71.110886 42.398957

-71.106335 42.394219
-71.106217 42.394378
-71.106021 42.394651
-71.105998 42.394685
-71.105963 42.394737
-71.105773 42.395000
-71.105263 42.395708
-71.105249 42.395728

-71.114665 42.391894
-71.114608 42.391873
-71.114154 42.391704
-71.113270 42.391134
-71.113247 42.391119
-71.113194 42.391083

-71.106733 42.391873
-71.106050 42.391647
-71.105509 42.391465
-71.104869 42.391223
-71.104461 42.391076
-71.104414 42.391059

-71.106730 42.395026
-71.106705 42.395001
-71.106368 42.394849
-71.106055 42.394708
-71.105998 42.394685
-71.105957 42.394666
-71.105195 42.394320

-71.103105 42.395714
-71.103035 42.395751
-71.102436 42.396648
-71.102427 42.396663
-71.102391 42.396727

-71.114980 42.391429
-71.114950 42.391474
-71.114665 42.391894
-71.114249 42.392526
-71.114057 42.392822
-71.114041 42.392846
-71.113999 42.392910

-71.114798 42.392736
-71.114345 42.392563
-71.114319 42.392553
-71.114249 42.392526

-71.114420 42.393896
-71.114328 42.393855
-71.113629 42.393512
-71.112047 42.392882
-71.112007 42.392868

-71.106045 42.398010
-71.106043 42.398036
-71.106081 42.398128

-71.109620 42.392504
-71.109600 42.392540
-71.109443 42.392777

-71.118915 42.399440
-71.118847 42.399394
-71.118801 42.399376
-71.118365 42.399210
-71.117582 42.398910
-71.117324 42.398811
-71.116769 42.398596
-71.116701 42.398568
-71.116637 42.398546
-71.116002 42.398317
-71.115918 42.398288
-71.115846 42.398259
-71.115676 42.398196
-71.115247 42.398038
-71.115162 42.398006
-71.115081 42.397977
-71.114459 42.397743
-71.114423 42.397729
-71.114340 42.397699
-71.114283 42.397678
-71.114235 42.397660
-71.113849 42.397514
-71.113757 42.397481
-71.113647 42.397439
-71.113576 42.397411
-71.113086 42.397229
-71.112972 42.397186
-71.112893 42.397157
-71.112366 42.396964
-71.112256 42.396929
-71.112165 42.396890
-71.111648 42.396691
-71.111538 42.396649
-71.111455 42.396616
-71.110997 42.396447
-71.110897 42.396411
-71.110832 42.396390
-71.110456 42.396246
-71.110416 42.396231
-71.110306 42.396186

-71.111994 42.392769
-71.111901 42.392738
-71.110168 42.392024
-71.110069 42.391959
-71.109846 42.391739
-71.109768 42.391697
-71.107660 42.390855
-71.107628 42.390842
-71.107538 42.390807

-71.113155 42.392545
-71.113203 42.392483
-71.113558 42.392043
-71.112961 42.391649
-71.112934 42.391631
-71.112842 42.391571

-71.105675 42.393514
-71.105574 42.393445
-71.105014 42.393070
-71.104475 42.392701

-71.106430 42.395444
-71.106487 42.395466
-71.106688 42.395560

-71.111460 42.399673
-71.111374 42.399644
-71.111303 42.399617

-71.108491 42.397728
-71.108454 42.397699
-71.108023 42.397344
-71.107605 42.397163
-71.107526 42.397129
-71.107499 42.397119
-71.107491 42.397116
-71.106429 42.396724

-71.111994 42.392769
-71.112240 42.392435
-71.112360 42.392276
-71.112401 42.392219

-71.105407 42.395798
-71.105366 42.395850
-71.105026 42.396323

-71.108609 42.392926
-71.108509 42.393043
-71.108454 42.393085
-71.108376 42.393093
-71.108291 42.393072
-71.107117 42.392720
-71.106513 42.392500
-71.106490 42.392491
-71.106399 42.392457

-71.103975 42.392357
-71.103929 42.392422
-71.102359 42.394625
-71.102309 42.394696

-71.109416 42.398972
-71.109376 42.399034
-71.109358 42.399062
-71.109344 42.399086
-71.109332 42.399107
-71.109324 42.399124
-71.109321 42.399138
-71.109320 42.399152
-71.109324 42.399168
-71.109335 42.399192
-71.109347 42.399219

-71.116291 42.394857
-71.116231 42.394841
-71.115555 42.394663
-71.114837 42.394490
-71.114174 42.394332
-71.114154 42.394328
-71.114086 42.394309

-71.107249 42.395331
-71.106781 42.395056
-71.106730 42.395026

-71.115730 42.395696
-71.115628 42.395667
-71.114977 42.395499
-71.114813 42.395458
-71.114253 42.395317
-71.114073 42.395272
-71.113589 42.395152
-71.113477 42.395124
-71.113384 42.395101
-71.113004 42.395006
-71.112712 42.394933
-71.112118 42.394777
-71.112036 42.394760
-71.111715 42.394683
-71.111392 42.394605
-71.110871 42.394469
-71.110848 42.394464
-71.110779 42.394448

-71.113647 42.397439
-71.113723 42.397342
-71.113819 42.397184
-71.114920 42.395578
-71.114941 42.395546
-71.114977 42.395499

-71.107038 42.391530
-71.106856 42.391813
-71.106833 42.391849
-71.106806 42.391892
-71.106681 42.392037
-71.106651 42.392080

-71.110306 42.396186
-71.109804 42.396937
-71.109721 42.397058
-71.109718 42.397170
-71.109718 42.397179
-71.109799 42.397357
-71.110012 42.397722

-71.113647 42.397439
-71.113600 42.397513
-71.112104 42.399766
-71.112088 42.399790
-71.112040 42.399863

-71.105569 42.400019
-71.105470 42.400044
-71.104439 42.400304
-71.104408 42.400312
-71.104329 42.400336

-71.105982 42.393065
-71.105755 42.393399

-71.105140 42.394295
-71.105088 42.394367
-71.105014 42.394470
-71.104776 42.394802
-71.104562 42.395123
-71.104399 42.395368
-71.104112 42.395790
-71.103888 42.396117
-71.103709 42.396358
-71.103638 42.396391

-71.106734 42.395581
-71.107141 42.395765

-71.108795 42.397296
-71.108491 42.397728
-71.108178 42.398180
-71.108070 42.398353
-71.108029 42.398411
-71.107994 42.398464
-71.107966 42.398506

-71.106240 42.392693
-71.106104 42.392888

-71.106104 42.392888
-71.106041 42.392982
-71.105982 42.393065

-71.108947 42.397074
-71.108795 42.397296

-71.112401 42.392219
-71.112442 42.392160
-71.112842 42.391571
-71.113194 42.391083
-71.113257 42.390990
-71.113580 42.390532
-71.113617 42.390481
-71.113647 42.390436
-71.114403 42.389359
-71.114628 42.389044
-71.114778 42.388844
-71.114856 42.388740
-71.115132 42.388368
-71.115368 42.388028

-71.114253 42.395317
-71.114219 42.395364
-71.113023 42.397114
-71.112972 42.397186

-71.106730 42.395026
-71.106761 42.394978
-71.106837 42.394886

-71.111538 42.396649
-71.111574 42.396598
-71.112655 42.395040
-71.112666 42.395021
-71.112712 42.394933

-71.115320 42.400962
-71.115073 42.400885
-71.114333 42.400635
-71.114183 42.400585
-71.113585 42.400384
-71.112712 42.400090
-71.112647 42.400068
-71.112345 42.399966

-71.106107 42.393010
-71.106172 42.393037
-71.106225 42.393071
-71.106242 42.393131
-71.106268 42.393197
-71.106311 42.393255
-71.106379 42.393324
-71.106456 42.393377
-71.106546 42.393420
-71.106593 42.393440
-71.106682 42.393470

-71.107636 42.398401
-71.106057 42.397898
-71.105789 42.397813
-71.105714 42.397789

-71.103934 42.396767
-71.103978 42.396827
-71.104192 42.397101
-71.104223 42.397141
-71.104324 42.397269
-71.104396 42.397361

-71.110296 42.399268
-71.110068 42.399194

-71.108334 42.398624
-71.108109 42.398551
-71.107966 42.398506

-71.107966 42.398506
-71.107894 42.398483
-71.107862 42.398473
-71.107733 42.398432

-71.104966 42.397511
-71.104920 42.397497
-71.104788 42.397455
-71.104714 42.397432
-71.104658 42.397415
-71.104623 42.397404

-71.105714 42.397789
-71.105658 42.397731
-71.105057 42.397541
-71.104966 42.397511

-71.104535 42.397457
-71.104676 42.397503
-71.105010 42.397604

-71.107733 42.398432
-71.107636 42.398401

-71.110309 42.400537
-71.110372 42.400523
-71.110998 42.400347

-71.108027 42.399375
-71.108283 42.399909
-71.108513 42.400385
-71.108533 42.400430

-71.104360 42.397445
-71.104342 42.397509
-71.104360 42.397550
-71.104399 42.397639
-71.104466 42.397682

-71.111678 42.399968
-71.113544 42.402458
-71.113732 42.402713
-71.113796 42.402792
-71.113879 42.402909
-71.114457 42.403694
-71.114565 42.403844
-71.114583 42.403868
-71.114732 42.404066
-71.114963 42.404374
-71.115180 42.404666
-71.115290 42.404810
-71.115403 42.404961
-71.115493 42.405081
-71.115543 42.405147
-71.115547 42.405151
-71.115581 42.405198
-71.116064 42.405843
-71.116125 42.405924
-71.116425 42.406324
-71.116622 42.406586
-71.116679 42.406661
-71.116710 42.406687
-71.116825 42.406756

-71.111744 42.399766
-71.111637 42.399731
-71.111460 42.399673

-71.104440 42.400681
-71.104348 42.400729
-71.103624 42.400962
-71.103161 42.401107

-71.107992 42.394245
-71.107965 42.394278
-71.107706 42.394623
-71.107538 42.394869

-71.102256 42.397222
-71.102384 42.397264
-71.102498 42.397077
-71.102598 42.396912
-71.102614 42.396885
-71.102656 42.396816

-71.101864 42.394130
-71.101913 42.394059
-71.102296 42.393511
-71.102705 42.392925
-71.103307 42.392062
-71.103351 42.391999

-71.106898 42.393549
-71.106928 42.393560
-71.106972 42.393576

-71.106682 42.393470
-71.106898 42.393549

-71.119078 42.395107
-71.118605 42.394901
-71.117751 42.394532
-71.116882 42.394156
-71.116819 42.394129
-71.116744 42.394096
-71.116186 42.393855
-71.115547 42.393579
-71.114997 42.393341
-71.114886 42.393293
-71.114766 42.393241
-71.114071 42.392941
-71.113999 42.392910
-71.113944 42.392886
-71.113155 42.392545
-71.112462 42.392245
-71.112401 42.392219
-71.112347 42.392195
-71.112112 42.392089
-71.111638 42.391876
-71.111216 42.391686
-71.111135 42.391650
-71.110892 42.391540
-71.110571 42.391396

-71.103499 42.397081
-71.103313 42.397022
-71.103177 42.396981

-71.104396 42.397361
-71.104106 42.397271
-71.104054 42.397255
-71.104010 42.397241
-71.103822 42.397181

-71.104623 42.397404
-71.104585 42.397393
-71.104396 42.397361

-71.104484 42.397625
-71.104497 42.397572
-71.104513 42.397552
-71.104530 42.397534
-71.104578 42.397510
-71.104626 42.397504
-71.104676 42.397503

-71.104396 42.397361
-71.104360 42.397445

-71.104466 42.397682
-71.104484 42.397625
-71.104457 42.397556
-71.104444 42.397528
-71.104424 42.397484
-71.104360 42.397445

-71.104396 42.397361
-71.104535 42.397457

-71.103822 42.397181
-71.103499 42.397081

-71.103177 42.396981
-71.102750 42.396845

-71.102750 42.396845
-71.102726 42.396838
-71.102656 42.396816
-71.102528 42.396773
-71.102429 42.396740

-71.111959 42.392846
-71.111994 42.392769

-71.111669 42.393246
-71.111959 42.392846

-71.111565 42.393360
-71.111622 42.393278
-71.111669 42.393246

-71.111259 42.393786
-71.111539 42.393397
-71.111565 42.393360

-71.111259 42.393786
-71.111228 42.393829
-71.111071 42.394046

-71.109037 42.398847
-71.108618 42.398714
-71.108334 42.398624

-71.110068 42.399194
-71.109882 42.399130
-71.109689 42.399065

-71.105010 42.397604
-71.105622 42.397788
-71.105714 42.397789

-71.105755 42.393399
-71.105675 42.393514

-71.105675 42.393514
-71.105454 42.393837
-71.105186 42.394227
-71.105164 42.394259
-71.105140 42.394295

-71.103638 42.396391
-71.103695 42.396467
-71.103934 42.396767

-71.109399 42.396409
-71.109277 42.396585
-71.108947 42.397074

-71.109416 42.398972
-71.109368 42.398930
-71.109345 42.398915
-71.109321 42.398903
-71.109279 42.398890
-71.109259 42.398883
-71.109232 42.398876
-71.109196 42.398868
-71.109157 42.398862
-71.109114 42.398856
-71.109037 42.398847

-71.109037 42.398847
-71.109153 42.398911
-71.109184 42.398925
-71.109218 42.398939
-71.109244 42.398948
-71.109289 42.398963
-71.109315 42.398969
-71.109342 42.398973
-71.109370 42.398974
-71.109416 42.398972

-71.105773 42.395000
-71.105738 42.394983
-71.105702 42.394966

-71.109689 42.399065
-71.109416 42.398972

-71.112345 42.399966
-71.112145 42.399899
-71.112040 42.399863
-71.111980 42.399843
-71.111942 42.399830

-71.111942 42.399830
-71.111744 42.399766

-71.104440 42.400681
-71.104465 42.400632
-71.104351 42.400384
-71.104329 42.400336

-71.111303 42.399617
-71.111252 42.399602
-71.110840 42.399460

-71.111309 42.399524
-71.111314 42.399544
-71.111313 42.399577
-71.111303 42.399617

-71.102309 42.394696
-71.102668 42.395143
-71.102720 42.395209
-71.103045 42.395636
-71.103105 42.395714
-71.103638 42.396391

-71.111586 42.393264
-71.111622 42.393278

-71.111259 42.393786
-71.111211 42.393771

-71.106721 42.392105
-71.106651 42.392080

-71.106527 42.392267
-71.106446 42.392388
-71.106399 42.392457
-71.106369 42.392508
-71.106330 42.392562
-71.106310 42.392590
-71.106240 42.392693

-71.106651 42.392080
-71.106610 42.392135
-71.106527 42.392267

-71.106806 42.391892
-71.106733 42.391873

-71.114119 42.394268
-71.114086 42.394309

-71.110886 42.398957
-71.111158 42.399300
-71.111239 42.399399
-71.111287 42.399477
-71.111295 42.399493
-71.111304 42.399511
-71.111309 42.399524

-71.112007 42.392868
-71.111959 42.392846

-71.106041 42.392982
-71.106107 42.393010

-71.105195 42.394320
-71.105140 42.394295

-71.107295 42.400740
-71.106147 42.401043
-71.106050 42.401069

-71.106057 42.397898
-71.106045 42.398010

-71.105104 42.397468
-71.105077 42.397510
-71.105057 42.397541
-71.105010 42.397604

